1
2
1.0079
4.0026
2
3
4.0026
6.941
3
4
6.941
9.0122
4
5
9.0122
10.811
5
6
10.811
12.0107
6
7
12.0107
14.0067
7
8
14.0067
15.9994
8
9
15.9994
18.9984
9
10
18.9984
20.1797
10
11
20.1797
22.9897
11
12
22.9897
24.305
12
13
24.305
26.9815
13
14
26.9815
28.0855
14
15
28.0855
30.9738
15
16
30.9738
32.065
16
17
32.065
35.453
17
18
35.453
39.948
18
19
39.948
39.0983
19
20
39.0983
40.078
20
21
40.078
44.9559
21
22
44.9559
47.867
22
23
47.867
50.9415
23
24
50.9415
51.9961
24
25
51.9961
54.938
25
26
54.938
55.845
26
27
55.845
58.9332
27
28
58.9332
58.6934
28
29
58.6934
63.546
29
30
63.546
65.39
30
31
65.39
69.723
31
32
69.723
72.64
32
33
72.64
74.9216
33
34
74.9216
78.96
34
35
78.96
79.904
35
36
79.904
83.8
36
37
83.8
85.4678
37
38
85.4678
87.62
38
39
87.62
88.9059
39
40
88.9059
91.224
40
41
91.224
92.9064
41
42
92.9064
95.94
42
43
95.94
98
43
44
98
101.07
44
45
101.07
102.9055
45
46
102.9055
106.42
46
47
106.42
107.8682
47
48
107.8682
112.411
48
49
112.411
114.818
49
50
114.818
118.71
50
51
118.71
121.76
51
52
121.76
127.6
52
53
127.6
126.9045
53
54
126.9045
131.293
54
55
131.293
132.9055
55
56
132.9055
137.327
56
57
137.327
138.9055
57
58
138.9055
140.116
58
59
140.116
140.9077
59
60
140.9077
144.24
60
61
144.24
145
61
62
145
150.36
62
63
150.36
151.964
63
64
151.964
157.25
64
65
157.25
158.9253
65
66
158.9253
162.5
66
67
162.5
164.9303
67
68
164.9303
167.259
68
69
167.259
168.9342
69
70
168.9342
173.04
70
71
173.04
174.967
71
72
174.967
178.49
72
73
178.49
180.9479
73
74
180.9479
183.84
74
75
183.84
186.207
75
76
186.207
190.23
76
77
190.23
192.217
77
78
192.217
195.078
78
79
195.078
196.9665
79
80
196.9665
200.59
80
81
200.59
204.3833
81
82
204.3833
207.2
82
83
207.2
208.9804
83
84
208.9804
209
84
85
209
210
85
86
210
222
86
87
222
223
87
88
223
226
88
89
226
227
89
90
227
232.0381
90
91
232.0381
231.0359
91
92
231.0359
238.0289
92
93
238.0289
237
93
94
237
244
94
95
244
243
95
96
243
247
96
97
247
247
97
98
247
251
98
99
251
252
99
100
252
257
100
101
257
258
101
102
258
259
102
103
259
262
103
104
262
261
104
105
261
262
105
106
262
266
106
107
266
264
107
108
264
277
108
109
277
268
109
109
268
268
